ft53.atsp	CreateGreedy/RemoveReinsert/AcceptBest	30	30000550	25.44	0.7567	0.8481	0.9027	7050	7434	7724	0.1524	0.2054	0.2829	
ft70.atsp	CreateGreedy/RemoveReinsert/AcceptBest	30	30000648	27.55	0.8890	0.9184	0.9455	39033	39599	40266	0.0654	0.0801	0.1037	
ftv170.atsp	CreateGreedy/RemoveReinsert/AcceptBest	30	30001791	43.05	1.4051	1.4349	1.4985	3100	3257	3430	0.1120	0.1768	0.2398	
ftv33.atsp	CreateGreedy/RemoveReinsert/AcceptBest	30	30000385	23.23	0.7606	0.7742	0.8111	1340	1396	1464	0.0833	0.1690	0.2438	
ftv35.atsp	CreateGreedy/RemoveReinsert/AcceptBest	30	30000300	23.22	0.7628	0.7739	0.8140	1473	1525	1677	0.0714	0.1748	0.2617	
ftv38.atsp	CreateGreedy/RemoveReinsert/AcceptBest	30	30000418	23.31	0.7689	0.7772	0.8182	1550	1610	1700	0.0822	0.1455	0.2185	
ftv44.atsp	CreateGreedy/RemoveReinsert/AcceptBest	30	30000394	24.35	0.7864	0.8115	0.8426	1623	1701	1793	0.0759	0.1558	0.2783	
ftv47.atsp	CreateGreedy/RemoveReinsert/AcceptBest	30	30000497	24.70	0.7917	0.8233	0.8565	1814	1873	1914	0.1739	0.2604	0.3205	
ftv55.atsp	CreateGreedy/RemoveReinsert/AcceptBest	30	30000518	26.17	0.8296	0.8723	0.8924	1654	1733	1836	0.1419	0.2088	0.2738	
ftv64.atsp	CreateGreedy/RemoveReinsert/AcceptBest	30	30000577	26.98	0.8583	0.8992	0.9165	1862	1970	2107	0.1619	0.2287	0.3042	
ftv70.atsp	CreateGreedy/RemoveReinsert/AcceptBest	30	30000726	27.83	0.8965	0.9277	0.9596	1991	2099	2210	0.0729	0.1476	0.2747	
kro124p.atsp	CreateGreedy/RemoveReinsert/AcceptBest	30	30000963	31.54	1.0335	1.0514	1.0945	37158	39162	40977	0.0725	0.1428	0.2334	
p43.atsp	CreateGreedy/RemoveReinsert/AcceptBest	30	30000353	23.85	0.7797	0.7950	0.8218	5620	5629	5641	0.0083	0.0215	0.0460	
rbg323.atsp	CreateGreedy/RemoveReinsert/AcceptBest	30	30003382	80.68	2.6330	2.6891	2.7768	1350	1372	1393	0.1995	0.2143	0.2306	
rbg358.atsp	CreateGreedy/RemoveReinsert/AcceptBest	30	30003818	89.79	2.9318	2.9924	3.0525	1208	1241	1282	0.2858	0.3082	0.3311	
rbg403.atsp	CreateGreedy/RemoveReinsert/AcceptBest	30	30004388	105.70	3.4797	3.5226	3.5941	2486	2503	2522	0.2867	0.2935	0.3034	
rbg443.atsp	CreateGreedy/RemoveReinsert/AcceptBest	30	30003977	122.20	3.8318	4.0725	4.6229	2756	2787	2817	0.2783	0.2856	0.2967	
ry48p.atsp	CreateGreedy/RemoveReinsert/AcceptBest	30	30000500	31.02	1.0149	1.0340	1.1023	14556	15129	15645	0.0238	0.1119	0.1869	
