ft53.atsp	CreateRandom/RemoveReinsert/AcceptBest	30	30000491	22.98	0.7055	0.7658	0.8768	7049	7371	7863	0.6676	0.7144	0.7373	
ft70.atsp	CreateRandom/RemoveReinsert/AcceptBest	30	30000563	25.54	0.7922	0.8512	0.9747	38869	39459	40278	0.4344	0.4538	0.4736	
ftv170.atsp	CreateRandom/RemoveReinsert/AcceptBest	30	30001855	39.28	1.2420	1.3094	1.4357	3405	3673	4070	0.8413	0.8602	0.8708	
ftv33.atsp	CreateRandom/RemoveReinsert/AcceptBest	30	30000333	20.07	0.6479	0.6691	0.6866	1286	1385	1516	0.6264	0.6832	0.7215	
ftv35.atsp	CreateRandom/RemoveReinsert/AcceptBest	30	30000364	20.83	0.6771	0.6942	0.7160	1487	1558	1634	0.6280	0.6776	0.7185	
ftv38.atsp	CreateRandom/RemoveReinsert/AcceptBest	30	30000298	23.86	0.6877	0.7953	0.9461	1530	1621	1735	0.6253	0.6833	0.7184	
ftv44.atsp	CreateRandom/RemoveReinsert/AcceptBest	30	30000373	23.03	0.6872	0.7676	0.8318	1653	1726	1812	0.6877	0.7202	0.7453	
ftv47.atsp	CreateRandom/RemoveReinsert/AcceptBest	30	30000444	24.22	0.7898	0.8073	0.8413	1789	1879	2058	0.6674	0.7231	0.7568	
ftv55.atsp	CreateRandom/RemoveReinsert/AcceptBest	30	30000665	25.43	0.8209	0.8475	0.8780	1623	1724	1822	0.7402	0.7641	0.7907	
ftv64.atsp	CreateRandom/RemoveReinsert/AcceptBest	30	30000564	27.40	0.8964	0.9132	0.9577	1858	1970	2097	0.7597	0.7774	0.8034	
ftv70.atsp	CreateRandom/RemoveReinsert/AcceptBest	30	30000543	27.01	0.8818	0.9004	0.9370	1980	2079	2198	0.7639	0.7881	0.8071	
kro124p.atsp	CreateRandom/RemoveReinsert/AcceptBest	30	30000878	32.69	1.0641	1.0898	1.1352	37769	38892	40081	0.7674	0.7958	0.8084	
p43.atsp	CreateRandom/RemoveReinsert/AcceptBest	30	30000463	23.53	0.7715	0.7844	0.8205	5622	5630	5643	0.6753	0.7841	0.8013	
rbg323.atsp	CreateRandom/RemoveReinsert/AcceptBest	30	30003564	79.09	2.5721	2.6364	2.7298	1362	1385	1429	0.7679	0.7772	0.7871	
rbg358.atsp	CreateRandom/RemoveReinsert/AcceptBest	30	30003931	87.40	2.8925	2.9132	2.9799	1248	1285	1333	0.8056	0.8146	0.8240	
rbg403.atsp	CreateRandom/RemoveReinsert/AcceptBest	30	30005083	101.92	3.3474	3.3973	3.5089	2493	2526	2556	0.6595	0.6712	0.6883	
rbg443.atsp	CreateRandom/RemoveReinsert/AcceptBest	30	30004904	114.10	3.7052	3.8033	3.9828	2770	2818	2864	0.6481	0.6587	0.6673	
ry48p.atsp	CreateRandom/RemoveReinsert/AcceptBest	30	30000485	24.72	0.7981	0.8241	0.8483	14638	15130	15912	0.6789	0.7224	0.7525	
