ft53.atsp	CreateRandom/RemoveReinsert/Accept1st	30	30000571	24.92	0.7389	0.8305	0.8805	6915	7325	8048	0.6909	0.7202	0.7518	
ft70.atsp	CreateRandom/RemoveReinsert/Accept1st	30	30000672	27.17	0.8822	0.9058	0.9367	38859	39479	40428	0.4136	0.4522	0.4818	
ftv170.atsp	CreateRandom/RemoveReinsert/Accept1st	30	30001539	42.61	1.3990	1.4202	1.4895	3493	3781	3975	0.8408	0.8560	0.8706	
ftv33.atsp	CreateRandom/RemoveReinsert/Accept1st	30	30000233	23.27	0.7499	0.7757	0.7994	1329	1387	1442	0.6036	0.6772	0.7122	
ftv35.atsp	CreateRandom/RemoveReinsert/Accept1st	30	30000325	23.08	0.7541	0.7692	0.8040	1473	1559	1757	0.6280	0.6814	0.7211	
ftv38.atsp	CreateRandom/RemoveReinsert/Accept1st	30	30000387	23.14	0.7562	0.7713	0.8139	1549	1615	1718	0.6207	0.6839	0.7268	
ftv44.atsp	CreateRandom/RemoveReinsert/Accept1st	30	30000434	23.76	0.7849	0.7919	0.8318	1652	1732	1864	0.6829	0.7218	0.7443	
ftv47.atsp	CreateRandom/RemoveReinsert/Accept1st	30	30000513	24.01	0.7611	0.8004	0.8457	1776	1863	1969	0.6773	0.7250	0.7540	
ftv55.atsp	CreateRandom/RemoveReinsert/Accept1st	30	30000540	24.70	0.7855	0.8234	0.8380	1630	1725	1854	0.7246	0.7643	0.7908	
ftv64.atsp	CreateRandom/RemoveReinsert/Accept1st	30	30000614	25.94	0.8601	0.8647	0.8715	1872	1975	2087	0.7495	0.7740	0.7969	
ftv70.atsp	CreateRandom/RemoveReinsert/Accept1st	30	30000584	26.65	0.8816	0.8884	0.9352	1988	2110	2257	0.7565	0.7847	0.8051	
kro124p.atsp	CreateRandom/RemoveReinsert/Accept1st	30	30000970	31.04	1.0273	1.0348	1.0776	37805	38987	40592	0.7643	0.7948	0.8180	
p43.atsp	CreateRandom/RemoveReinsert/Accept1st	30	30000316	23.21	0.7666	0.7737	0.8113	5620	5631	5650	0.6736	0.7698	0.8022	
rbg323.atsp	CreateRandom/RemoveReinsert/Accept1st	30	30003128	78.35	2.5730	2.6118	2.7117	1399	1422	1461	0.7562	0.7694	0.7811	
rbg358.atsp	CreateRandom/RemoveReinsert/Accept1st	30	30003458	87.99	2.8788	2.9330	2.9954	1307	1353	1405	0.7949	0.8053	0.8189	
rbg403.atsp	CreateRandom/RemoveReinsert/Accept1st	30	30004172	103.46	3.3433	3.4485	3.5995	2515	2553	2586	0.6552	0.6696	0.6844	
rbg443.atsp	CreateRandom/RemoveReinsert/Accept1st	30	30005378	110.37	3.5703	3.6790	3.8891	2814	2869	2920	0.6361	0.6514	0.6641	
ry48p.atsp	CreateRandom/RemoveReinsert/Accept1st	30	30000439	24.83	0.8092	0.8277	0.8682	14596	15097	16050	0.6943	0.7208	0.7548	
